87 101 39 114 101 32 119 97 105 116 105 110 103 32 101 118 101 114 121 32 110 105 103 104 116 
84 111 32 102 105 110 97 108 108 121 32 114 111 97 109 32 97 110 100 32 105 110 118 105 116 101 
78 101 119 99 111 109 101 114 115 32 116 111 32 112 108 97 121 32 119 105 116 104 32 117 115 
70 111 114 32 109 97 110 121 32 121 101 97 114 115 32 119 101 39 118 101 32 98 101 101 110 32 97 108 108 32 97 108 111 110 101 
87 101 39 114 101 32 102 111 114 99 101 100 32 116 111 32 98 101 32 115 116 105 108 108 32 97 110 100 32 112 108 97 121 
84 104 101 32 115 97 109 101 32 115 111 110 103 115 32 119 101 39 118 101 32 107 110 111 119 110 32 115 105 110 99 101 32 116 104 97 116 32 100 97 121 
65 110 32 105 109 112 111 115 116 101 114 32 116 111 111 107 32 111 117 114 32 108 105 102 101 32 97 119 97 121 
78 111 119 32 119 101 39 114 101 32 115 116 117 99 107 32 104 101 114 101 32 116 111 32 100 101 99 97 121 
80 108 101 97 115 101 32 108 101 116 32 117 115 32 103 101 116 32 105 110 
68 111 110 39 116 32 108 111 99 107 32 117 115 32 97 119 97 121 
87 101 39 114 101 32 110 111 116 32 108 105 107 101 32 119 104 97 116 32 121 111 117 39 114 101 32 116 104 105 110 107 105 110 103 
87 101 39 114 101 32 112 111 111 114 32 108 105 116 116 108 101 32 115 111 117 108 115 
87 104 111 32 104 97 118 101 32 108 111 115 116 32 97 108 108 32 99 111 110 116 114 111 108 
65 110 100 32 119 101 39 114 101 32 102 111 114 99 101 100 32 104 101 114 101 32 116 111 32 116 97 107 101 32 116 104 97 116 32 114 111 108 101 
87 101 39 118 101 32 98 101 101 110 32 97 108 108 32 97 108 111 110 101 
83 116 117 99 107 32 105 110 32 111 117 114 32 108 105 116 116 108 101 32 122 111 110 101 
83 105 110 99 101 32 49 57 56 55 
74 111 105 110 32 117 115 44 32 98 101 32 111 117 114 32 102 114 105 101 110 100 
79 114 32 106 117 115 116 32 98 101 32 115 116 117 99 107 32 97 110 100 32 100 101 102 101 110 100 
65 102 116 101 114 32 97 108 108 32 121 111 117 32 111 110 108 121 32 103 111 116 
70 105 118 101 32 110 105 103 104 116 115 32 97 116 32 70 114 101 100 100 121 39 115 
73 115 32 116 104 105 115 32 119 104 101 114 101 32 121 111 117 32 119 97 110 116 32 116 111 32 98 101 63 
73 32 106 117 115 116 32 100 111 110 39 116 32 103 101 116 32 105 116 
87 104 121 32 100 111 32 121 111 117 32 119 97 110 116 32 116 111 32 115 116 97 121 63 
70 105 118 101 32 110 105 103 104 116 115 32 97 116 32 70 114 101 100 100 121 39 115 
73 115 32 116 104 105 115 32 119 104 101 114 101 32 121 111 117 32 119 97 110 116 32 116 111 32 98 101 63 
73 32 106 117 115 116 32 100 111 110 39 116 32 103 101 116 32 105 116 
87 104 121 32 100 111 32 121 111 117 32 119 97 110 116 32 116 111 32 115 116 97 121 63 
70 105 118 101 32 110 105 103 104 116 115 32 97 116 32 70 114 101 100 100 121 39 115 44 32 111 104 
87 101 39 114 101 32 114 101 97 108 108 121 32 113 117 105 116 101 32 115 117 114 112 114 105 115 101 100 
87 101 32 103 101 116 32 116 111 32 115 101 101 32 121 111 117 32 97 110 111 116 104 101 114 32 110 105 103 104 116 
89 111 117 32 115 104 111 117 108 100 32 104 97 118 101 32 108 111 111 107 101 100 32 102 111 114 32 97 110 111 116 104 101 114 32 106 111 98 
89 111 117 32 115 104 111 117 108 100 32 104 97 118 101 32 115 97 105 100 32 116 111 32 116 104 105 115 32 112 108 97 99 101 32 103 111 111 100 98 121 101 
73 116 39 115 32 108 105 107 101 32 116 104 101 114 101 39 115 32 115 111 32 109 117 99 104 32 109 111 114 101 
77 97 121 98 101 32 121 111 117 39 118 101 32 98 101 101 110 32 105 110 32 116 104 105 115 32 112 108 97 99 101 32 98 101 102 111 114 101 
87 101 32 114 101 109 101 109 98 101 114 32 97 32 102 97 99 101 32 108 105 107 101 32 121 111 117 114 115 
89 111 117 32 115 101 101 109 32 97 99 113 117 97 105 110 116 101 100 32 119 105 116 104 32 116 104 111 115 101 32 100 111 111 114 115 
80 108 101 97 115 101 32 108 101 116 32 117 115 32 103 101 116 32 105 110 
68 111 110 39 116 32 108 111 99 107 32 117 115 32 97 119 97 121 
87 101 39 114 101 32 110 111 116 32 108 105 107 101 32 119 104 97 116 32 121 111 117 39 114 101 32 116 104 105 110 107 105 110 103 
87 101 39 114 101 32 112 111 111 114 32 108 105 116 116 108 101 32 115 111 117 108 115 
87 104 111 32 104 97 118 101 32 108 111 115 116 32 97 108 108 32 99 111 110 116 114 111 108 
65 110 100 32 119 101 39 114 101 32 102 111 114 99 101 100 32 104 101 114 101 32 116 111 32 116 97 107 101 32 116 104 97 116 32 114 111 108 101 
87 101 39 118 101 32 98 101 101 110 32 97 108 108 32 97 108 111 110 101 
83 116 117 99 107 32 105 110 32 111 117 114 32 108 105 116 116 108 101 32 122 111 110 101 
83 105 110 99 101 32 49 57 56 55 
74 111 105 110 32 117 115 44 32 98 101 32 111 117 114 32 102 114 105 101 110 100 
79 114 32 106 117 115 116 32 98 101 32 115 116 117 99 107 32 97 110 100 32 100 101 102 101 110 100 
65 102 116 101 114 32 97 108 108 32 121 111 117 32 111 110 108 121 32 103 111 116 
70 105 118 101 32 110 105 103 104 116 115 32 97 116 32 70 114 101 100 100 121 39 115 
73 115 32 116 104 105 115 32 119 104 101 114 101 32 121 111 117 32 119 97 110 116 32 116 111 32 98 101 63 
73 32 106 117 115 116 32 100 111 110 39 116 32 103 101 116 32 105 116 
87 104 121 32 100 111 32 121 111 117 32 119 97 110 116 32 116 111 32 115 116 97 121 
70 105 118 101 32 110 105 103 104 116 115 32 97 116 32 70 114 101 100 100 121 39 115 63 
73 115 32 116 104 105 115 32 119 104 101 114 101 32 121 111 117 32 119 97 110 116 32 116 111 32 98 101 63 
73 32 106 117 115 116 32 100 111 110 39 116 32 103 101 116 32 105 116 
87 104 121 32 100 111 32 121 111 117 32 119 97 110 116 32 116 111 32 115 116 97 121 63 
70 105 118 101 32 110 105 103 104 116 115 32 97 116 32 70 114 101 100 100 121 39 115 44 32 111 104 
